Speaker ID: 0011
Indices: 0, 1, 2, 3, 4
Cosine Similarity Matrix:
1.000000 0.864906 0.879974 0.762434 0.848798
0.864906 1.000000 0.824405 0.925772 0.850648
0.879974 0.824405 1.000000 0.748937 0.700789
0.762434 0.925772 0.748937 1.000000 0.832381
0.848798 0.850648 0.700789 0.832381 1.000000

Speaker ID: 0012
Indices: 20, 21, 22, 23, 24
Cosine Similarity Matrix:
1.000000 0.858196 0.798476 0.678986 0.709832
0.858196 1.000000 0.903657 0.650323 0.876530
0.798476 0.903657 1.000000 0.632887 0.905519
0.678986 0.650323 0.632887 1.000000 0.527568
0.709832 0.876530 0.905519 0.527568 1.000000

Speaker ID: 0014
Indices: 35, 36, 37, 38, 39
Cosine Similarity Matrix:
1.000000 0.832947 0.821816 0.925228 0.854172
0.832947 1.000000 0.941082 0.812369 0.933384
0.821816 0.941082 1.000000 0.812946 0.906785
0.925228 0.812369 0.812946 1.000000 0.785000
0.854172 0.933384 0.906785 0.785000 1.000000

Speaker ID: 0015
Indices: 30, 31, 32, 33, 34
Cosine Similarity Matrix:
1.000000 0.743904 0.727713 0.872084 0.888654
0.743904 1.000000 0.872205 0.852107 0.886996
0.727713 0.872205 1.000000 0.737156 0.848463
0.872084 0.852107 0.737156 1.000000 0.855106
0.888654 0.886996 0.848463 0.855106 1.000000

Speaker ID: 0016
Indices: 25, 26, 27, 28, 29
Cosine Similarity Matrix:
1.000000 0.873053 0.657551 0.878101 0.800098
0.873053 1.000000 0.662071 0.871240 0.838686
0.657551 0.662071 1.000000 0.767340 0.761729
0.878101 0.871240 0.767340 1.000000 0.892905
0.800098 0.838686 0.761729 0.892905 1.000000

Speaker ID: 0017
Indices: 5, 6, 7, 8, 9
Cosine Similarity Matrix:
1.000000 0.774853 0.686410 0.655857 0.746630
0.774853 1.000000 0.829235 0.729152 0.620898
0.686410 0.829235 1.000000 0.761868 0.538429
0.655857 0.729152 0.761868 1.000000 0.505365
0.746630 0.620898 0.538429 0.505365 1.000000

Speaker ID: 0018
Indices: 10, 11, 12, 13, 14
Cosine Similarity Matrix:
1.000000 0.758470 0.847745 0.765104 0.857700
0.758470 1.000000 0.900504 0.872984 0.891312
0.847745 0.900504 1.000000 0.797740 0.834680
0.765104 0.872984 0.797740 1.000000 0.855779
0.857700 0.891312 0.834680 0.855779 1.000000

Speaker ID: 0020
Indices: 15, 16, 17, 18, 19
Cosine Similarity Matrix:
1.000000 0.680122 0.815763 0.827211 0.798959
0.680122 1.000000 0.793896 0.682878 0.851945
0.815763 0.793896 1.000000 0.829355 0.892592
0.827211 0.682878 0.829355 1.000000 0.803618
0.798959 0.851945 0.892592 0.803618 1.000000

